# Frame list with one line of data per frame:
#   FRAME_ID, RIG_ID, RIG_FROM_WORLD[QW, QX, QY, QZ, TX, TY, TZ], NUM_DATA_IDS, DATA_IDS[] as (SENSOR_TYPE, SENSOR_ID, DATA_ID)
# Number of frames: 33
1 1 0.99614956228481066 -0.076821533225008412 0.042121498554636615 0.0032063924043976865 0.3519571520479316 0.86185629440382461 -1.2853580718643025 1 CAMERA 1 1
2 1 0.96358007242765298 -0.066318227244300421 -0.24722329499796838 -0.077433708201531656 0.44836292888385265 0.13920055093354489 0.570758004455172 1 CAMERA 1 2
3 1 0.98929539846803594 -0.033039223384130428 0.1355787850968036 0.042678066027155993 -0.27397723650184769 0.90046355571336545 -3.8760898246227891 1 CAMERA 1 3
4 1 0.95623639310948505 -0.080436340218425842 -0.27065681050211027 -0.076725788324739086 0.22295143178735161 0.045683560922802798 1.209181297091775 1 CAMERA 1 4
5 1 0.95835303448512477 -0.077212762875594698 -0.26413319590210071 -0.076362984258167357 0.4301772375943157 0.016952703918421189 1.0205557797209996 1 CAMERA 1 5
6 1 0.99138371109018841 -0.084049887809578644 0.09849534794888605 0.019814645509595261 -0.03825624929726338 0.87656341574777541 -2.2034607542409179 1 CAMERA 1 6
7 1 0.9597695637046656 -0.072176995443058931 -0.26026437499298866 -0.076780993901338454 0.43736796432913333 0.015982651652358067 0.84138068342315397 1 CAMERA 1 7
8 1 0.95756888312092547 -0.080486707038252503 -0.26608003450857504 -0.076060103238146284 0.35924535982663425 0.04579745895560311 1.1692918255820093 1 CAMERA 1 8
9 1 0.98715876647363054 -0.074025654598971119 0.13678614997753127 0.03643242250768234 -0.19769168016794192 0.99741214219889174 -4.4452577469164494 1 CAMERA 1 9
10 1 0.98782689902530707 -0.088590367817199714 0.1249739372899502 0.02704217613852174 -0.24822335469126808 0.89287549271846545 -3.1416755652632506 1 CAMERA 1 10
11 1 0.98747803753784325 -0.08806470606602386 0.12735489066885292 0.030207031443676976 -0.2221535418882162 0.97081553801121268 -3.9931545433926892 1 CAMERA 1 11
12 1 0.98850017933391043 0.018248530308526009 0.14076815189624728 0.052141288918868274 -0.41205792419925719 0.72933675362927819 -3.1362363012298435 1 CAMERA 1 12
13 1 0.98731419480399962 -0.084243545834344818 0.13057921733377548 0.032600210494491765 -0.14873609162165749 1.071767689752555 -4.9178010163854191 1 CAMERA 1 13
14 1 0.98694085944392151 -0.082860898046594494 0.13395771266307746 0.033721547311501655 -0.15935126656875248 1.0767611506831847 -4.9930636166887936 1 CAMERA 1 14
15 1 0.98660404658773171 -0.080518783396491475 0.13742050572415537 0.035281516174610152 -0.19637252117367449 1.0577581570046608 -4.791609748509865 1 CAMERA 1 15
16 1 0.98754732752228114 -0.086146758856446681 0.12779733119526762 0.031572994496826275 -0.16809077392106644 1.0335515188126994 -4.6091180411055337 1 CAMERA 1 16
17 1 0.98674771207470136 -0.081831951183685289 0.13577720020826065 0.034598213601559333 -0.16568193703204509 1.0730204304987108 -4.9364747592446756 1 CAMERA 1 17
18 1 0.98589205768393973 0.04802747199844383 0.14909464890495103 0.058999984720976825 -0.57175719498456068 0.35516937645789398 -2.3431896972961264 1 CAMERA 1 18
19 1 0.98169313493340027 0.037348034016408786 0.17488988570531117 0.065553345129942528 -0.70545194870405126 -0.36962568278038938 -0.62859662867594446 1 CAMERA 1 19
20 1 0.97818442144316842 -0.025283611363924569 0.19788129849996602 0.057956607442632688 -0.54213807192620589 -1.3287590383202326 3.0830681160836058 1 CAMERA 1 20
21 1 0.98389419510317278 0.054104348098959691 0.15856791947912272 0.06229885449290995 -0.69760770859206467 -0.055124109690648571 -1.4926739899819914 1 CAMERA 1 21
22 1 0.97075034816139683 -0.015111240262943713 0.22745417985380839 0.075365827994351112 0.092336388771052047 -1.1053524907134107 2.0366042538446605 1 CAMERA 1 22
23 1 0.96785155774124876 -0.028456211508344799 0.23805106761130948 0.076061129452213716 0.53256697956565047 -1.1451430472370863 2.9761189555011209 1 CAMERA 1 23
24 1 0.9744221910360269 -0.001589902577055346 0.21254998696856428 0.072947713233572922 -0.28578553819864894 -0.89142596632022975 1.0796098196129236 1 CAMERA 1 24
25 1 0.9785004814406566 0.015101902847391579 0.19399871980454778 0.068361078582683601 -0.5801806322259877 -0.63150582661043997 0.21844971465286928 1 CAMERA 1 25
26 1 0.93990676079747892 -0.077204965075913831 0.32153663141520344 0.08502275597145352 2.1857625348863485 -0.47099347773883998 4.3451492575154411 1 CAMERA 1 26
27 1 0.94191537898095501 -0.076848811969174355 0.31576122839680038 0.084761580798343408 1.7727377299720353 -0.77151887658845764 4.5437445927850924 1 CAMERA 1 27
28 1 0.93839397016227988 -0.083428214721010752 0.32419441333710491 0.085758218921276358 2.2324253238163192 -0.45518772970876004 4.5572799843949587 1 CAMERA 1 28
29 1 0.93852276803550372 -0.083014136923985446 0.32389483974184485 0.085882476317036952 2.1696574866278104 -0.52594282295141781 4.6141453258401492 1 CAMERA 1 29
30 1 0.93883695974747405 -0.082042331875958371 0.32324583373871446 0.085827441783140862 2.09426840815923 -0.5751198331285029 4.6037746403547004 1 CAMERA 1 30
31 1 0.93839172803596171 -0.081876425620403329 0.32455667797669624 0.085907965067503519 2.2486068871751375 -0.4448752161724831 4.4716356357278491 1 CAMERA 1 31
32 1 0.93830999948861571 -0.083994996174432165 0.32426092214738339 0.085872229768766795 2.2132019923962112 -0.48719143858265973 4.6012529314756598 1 CAMERA 1 32
33 1 0.93959621581442554 -0.080265835635285013 0.32147889499108512 0.085835114797451775 1.979961270744147 -0.6622667725127892 4.5779238475194219 1 CAMERA 1 33
