# Frame list with one line of data per frame:
#   FRAME_ID, RIG_ID, RIG_FROM_WORLD[QW, QX, QY, QZ, TX, TY, TZ], NUM_DATA_IDS, DATA_IDS[] as (SENSOR_TYPE, SENSOR_ID, DATA_ID)
# Number of frames: 17
1 1 0.9717983374272775 0.20820104953627844 0.10680555651527245 0.029204236730901292 -0.40996444256340231 0.67067162442243555 -3.1531073661850177 1 CAMERA 1 1
2 1 0.9443585226819653 0.11157279896343233 -0.30851212814332007 -0.023638061635450552 0.42323016979793926 0.089346618456377785 0.54294933834220371 1 CAMERA 1 2
3 1 0.93780181736468637 0.095887273529913622 -0.33318678953912689 -0.017887017613357734 0.21907781215192815 -0.003353948967077627 1.2282809193967745 1 CAMERA 1 3
4 1 0.99274815786254966 0.10452988797545447 0.058760991616193289 0.0084701502132352984 -0.060664680612824297 0.83565525736202251 -2.255024927063551 1 CAMERA 1 4
5 1 0.9398161385750472 0.099927810233015418 -0.32617537225413012 -0.019227193003705456 0.42752393002547351 -0.024050754305854415 1.0217107833791164 1 CAMERA 1 5
6 1 0.98823754234964056 0.11432214265240491 0.10008079261830466 0.017344813028610337 -0.18512721859327672 0.95328995871938083 -4.4473458453179058 1 CAMERA 1 6
7 1 0.99067712789489182 0.10123861172090926 0.090121664370286403 0.013698809213974133 -0.23983463122651291 0.97750113681251272 -4.0148691323343497 1 CAMERA 1 7
8 1 0.96340323062681488 0.17402079916289218 0.20045590416212328 0.037261336034426024 0.055036166324844427 -1.1371891855208527 1.8743346762638371 1 CAMERA 1 8
9 1 0.96039861616145394 0.24550530644216975 0.12692196086454799 0.035390089491254093 -0.71165674857129002 -0.079702823845041917 -1.5348498351495035 1 CAMERA 1 9
10 1 0.9640561861932021 0.20558916757643314 0.16450109959373951 0.035611125653342318 -0.60536011270523626 -0.6612188300320706 0.11428690971753591 1 CAMERA 1 10
11 1 0.98999711349153463 0.10424328488407139 0.093864868523356737 0.015114208285614186 -0.16366897643022432 1.0460668450276409 -4.9135358653821548 1 CAMERA 1 11
12 1 0.98916791843315521 0.1067630108638082 0.099448536201371548 0.016077229279879958 -0.17948989266523371 1.0503483862724388 -4.9260718116122675 1 CAMERA 1 12
13 1 0.97188216757820134 0.16417977103759121 0.16677156082165209 0.026025019244012237 -0.57705988003183484 -1.3692747946496044 2.8955169456311842 1 CAMERA 1 13
14 1 0.94746265264998264 0.099684619412290634 0.30226892769106867 0.031796129301801077 2.1865133005548434 -0.49105482830210412 4.3228082809309445 1 CAMERA 1 14
15 1 0.94751566935388698 0.099984298073367478 0.30199545607890765 0.031873829003183508 2.1220850912123415 -0.56503270143313866 4.3759733178854008 1 CAMERA 1 15
16 1 0.94768862783309349 0.10620920435519109 0.29938612026929462 0.031206098381007713 2.1381378049255599 -0.50560823719142234 4.1149211030077453 1 CAMERA 1 16
17 1 0.94796210474594111 0.10298801499644797 0.29953909091817121 0.032212571220761127 1.9306444637580873 -0.70053034686785942 4.3428056382547799 1 CAMERA 1 17
